import numpy as np

matrix = np.array([[  2.81170036,  -4.97967605,   7.59945834,   8.73588135,   0.69553672,    9.53133989],
                   [ -4.97967605,   8.81929381, -13.45905766, -15.47171759,  -1.23180733,  -16.88053077],
                   [  7.59945834, -13.45905766,  20.5398103,   23.61134485,   1.8799245,    25.76131401],
                   [  8.73588135, -15.47171759,  23.61134485,  27.14222067,   2.16110038,   29.61368557],
                   [  0.69553672,  -1.23180733,   1.8799245,    2.16110038,   0.17219503,    2.35786138],
                   [  9.53133989, -16.88053077,  25.76131401,  29.61368557,   2.35786138,   32.3102397 ]], dtype=np.float64)


eigenvalues = np.linalg.eigvalsh(matrix)

is_psd = np.all(eigenvalues >= 0)

# Print results
print("Eigenvalues of the matrix:\n", eigenvalues)
print("Is the matrix positive semi-definite?", is_psd)