0.091512 0.106580 0.500568 0.979707 0.793757 -0.395174 0.084968 -0.537719 0.550582 -0.069373
0.106580 -0.349243 0.137179 1.537376 1.893983 -0.621739 0.579268 -1.325706 0.843242 -0.051886
0.500568 0.137179 0.002709 2.738498 2.718740 -0.786065 0.999512 -1.047603 1.188773 -0.019479
0.979707 1.537376 2.738498 2.000127 4.962725 -2.339907 1.286195 -1.805325 2.648177 -0.483257
0.793757 1.893983 2.718740 4.962725 -0.009082 -2.151772 -0.868185 -0.473457 2.281649 -0.686240
-0.395174 -0.621739 -0.786065 -2.339907 -2.151772 -0.695897 -0.604818 1.054790 -0.624994 -0.043628
0.084968 0.579268 0.999512 1.286195 -0.868185 -0.604818 -1.327187 -0.269289 0.187315 -0.478033
-0.537719 -1.325706 -1.047603 -1.805325 -0.473457 1.054790 -0.269289 -2.499287 -2.733116 -0.196077
0.550582 0.843242 1.188773 2.648177 2.281649 -0.624994 0.187315 -2.733116 -2.685672 -0.922170
-0.069373 -0.051886 -0.019479 -0.483257 -0.686240 -0.043628 -0.478033 -0.196077 -0.922170 -2.372982
